0,1,2,3,4,5,6,7,8,9,10,11,12,13,14,15,16,17,18,19,20,21,22,23,24,25,26,27,28,29,30,31,32,33,34,35,36,37,38,39,40,41,42,43,44,45,46,47,48,49,50,51,52,53,54,55,56,57,58,59,60,61,62,63,64,65,66,67,68,69,70,71,72,73,74,75,76,77,78,79,80,81,82,83,84,85,86,87,88,89,90,91,92,93,94,95,96,97,98,99
0.0,0.5043393571076418,0.4976748445842401,0.7702448699396683,0.1752510896924563,0.40382325296956284,0.4706517833444461,0.24014700925599836,0.2693297140522838,0.2057894501347377,0.10688451830274961,0.13903127916555175,0.5188028928277904,0.38212794855476356,0.484089798187641,0.5180587158623011,0.3106205835129638,0.2758822110129894,0.40915590861755674,0.6004421967668435,0.3477714886522834,0.3781892289561071,0.5328230369440874,0.21442022407994843,0.421489941862208,0.2946722831551095,0.48001781981177205,0.20370815827456443,0.5876824424012386,0.2220880274091098,0.25939750097644265,0.18435982434489237,0.1749930532368028,0.1915282527183012,0.3156985293866924,0.37537082558724155,0.22709007097081407,0.4083407142147177,0.43530212665438067,0.15243408995668148,0.3760778983359866,0.13531892177949592,0.3959475086687773,0.22072023865745236,0.2909411219243382,0.3063562099780735,0.46204255200379174,0.48613597310467727,0.44597210293964845,0.15887115203929386,0.11390057035436005,0.45813421174576374,0.263714148515305,0.20681368877893522,0.373806239426466,0.22995604963161967,0.35282493891020794,0.10523118037167514,0.12612787561237757,0.5217228281593906,0.3690506546291364,0.21978487463191504,0.5327410249869103,0.2341213084284664,0.42415128200272106,0.2663539767826722,0.24892244950217743,0.12109633005560409,0.3749935432836119,0.1575550645752615,0.6835358918165533,0.1785052500175204,0.4283817859924645,0.18737379045570327,0.29987279135096945,0.3204835797182275,0.43687962715644996,0.19247221366585573,0.1992839132038609,0.29473573591683244,0.20132710719888838,0.5278931750334473,0.4587087863852502,0.14628014690420701,0.45766956819700777,0.13085764639870529,0.2012813517241145,0.21738677077446672,0.1632080140722361,0.17001458944639264,0.6091529200048271,0.733673806403808,0.5451585981011803,0.5271898336196751,0.3187346642058856,0.16190890759764176,0.43465780833502443,0.23971038556542998,0.4784016806948136,0.26513253174110873
0.5043393571076418,0.0,0.5593401784094507,1.1767651151012894,0.5682508411317702,0.8633757041790158,0.33958362191492414,0.6515713456295981,0.7237651685298447,0.6285814370277013,0.4808570586161746,0.5823040063557497,0.952348362707083,0.7466384210891889,0.8971550214115223,0.9096030215059049,0.7638089030980275,0.6727080557035252,0.4154608210883818,0.9764164874485035,0.8052082050242543,0.7944873153474142,0.916071026916476,0.4726392280549471,0.8118188130616947,0.7627702878768494,0.7561680949928982,0.6020051321696502,1.0226179984197707,0.6405724077902406,0.7243275077777643,0.6362361969719826,0.632508441387653,0.6533026932383816,0.7915326606988735,0.40545816041658583,0.4825880280320238,0.8083590629846844,0.8927114659975892,0.5404732230888232,0.6880338354919873,0.5086110298960655,0.5517852998953182,0.6140121835258556,0.7574372626695653,0.7651058716826178,0.873421895473172,0.7599232616452887,0.584247530456527,0.5327638788708953,0.5498758447839702,0.8739897425573812,0.6424404920028024,0.5773781215398752,0.2867881197712945,0.5122761574703782,0.7796159385941308,0.5299188492678086,0.5513899614348121,0.9211185069741485,0.6000802144864774,0.6284539076044695,0.9535162976899269,0.6516433972449098,0.5442167345262476,0.49844880233109584,0.683116097097921,0.5392930026002156,0.3917496776809235,0.6058788514068987,1.0531964261968554,0.5239474405560286,0.8447604857429626,0.5260162737353637,0.4419689550162257,0.7324255753672096,0.7369775413491984,0.614441273591545,0.6135821526039311,0.7243870244223916,0.6451912816566949,0.8948599002721978,0.2518681356256309,0.473890666263827,0.8344975218715032,0.45254355314090555,0.5094880599625417,0.6534245632571667,0.6070190348011739,0.5938764374245107,1.02132678216844,1.14410825874581,0.759854683859954,0.951608605175872,0.6079541347056557,0.5772749318390965,0.8192044324600849,0.4449249711674296,0.9266976499889207,0.5708769470358416
0.4976748445842401,0.5593401784094507,0.0,1.1344373137532808,0.48768854076203666,0.7181958294494348,0.264342268282828,0.6269427606347229,0.5793740256294332,0.4722812674940786,0.44502933735164507,0.5437497024378143,0.8559033492070706,0.7883042634070361,0.8544710029393923,0.8866997925384539,0.6803252091529401,0.6960492949444057,0.2890919923450258,1.0094306885708564,0.7089570856257984,0.7432602570522311,0.8985289981512082,0.31206374216785043,0.8029004629373413,0.5962504603444819,0.8766060691483183,0.5048947108550045,0.9225795420101065,0.636883818547909,0.5230500749389876,0.5440484775701915,0.5198289360469933,0.5116487275307247,0.5910977075361625,0.42269356343604636,0.3230558460684057,0.8030525937154176,0.8502598293973282,0.40678362773899723,0.7818791229613987,0.5536542875702337,0.15799514111963614,0.42948054242087697,0.6115261736609388,0.5566578594202999,0.8149040408600039,0.9052078343910314,0.20016738437725107,0.38175428388697485,0.47337252750914394,0.8323235558475426,0.6651373635847924,0.41367576368356823,0.536226060210096,0.398328979339012,0.7132982953451433,0.43246724324904007,0.44146049127818215,0.9097118171228065,0.7916268309150194,0.6191216187370385,0.9107451877803097,0.6426043476092452,0.4863493923049835,0.5358981891814418,0.45257721479572693,0.5208673972134464,0.23730921811768496,0.47670920064896966,0.9886875268365382,0.3603376222214293,0.7950726627885285,0.5327160261037901,0.2508754686904052,0.6776066383887459,0.7946028666029118,0.5940566817951429,0.4282249819904213,0.6696225893532156,0.5108912416927356,0.9404554601767126,0.44718813227770904,0.5496360537741316,0.8443336314683213,0.5509489759970267,0.6037598774449107,0.617648659042577,0.5381395701162662,0.5790308575402523,0.9703685490544339,1.1012318826008483,0.9010257341544946,0.8872102177720249,0.715249470064739,0.4378903974397897,0.8241947506878089,0.3251525923325279,0.8159928885764947,0.6777737770110385
0.7702448699396683,1.1767651151012894,1.1344373137532808,0.0,0.7007033374844329,0.4210814768106239,1.1701283565812486,0.5569170637208727,0.5733220222092311,0.6889388292193994,0.7843899345592749,0.6456224115693765,0.324571184993538,0.44935228317174625,0.3193907135798654,0.3213851905494579,0.48514601271505453,0.5161442761248531,1.0680969662301703,0.2526872870104649,0.4645636351630156,0.45125709530339214,0.27835599742089334,0.8934371623208713,0.3894653391149344,0.5669225908511042,0.5277953149993657,0.6806388633670176,0.2217586767084352,0.5653978154946119,0.680595527055234,0.6217512423975495,0.6422279979993231,0.6854993708300602,0.6397739481707057,0.9684858436464332,0.9180911220492998,0.4221300538321362,0.3477920572856755,0.8060527230845146,0.5082531863628488,0.6904861997689874,1.0405818112986218,0.7711179434616948,0.5543314884828809,0.6203181581427606,0.3626185320655427,0.4842121236191129,1.0767519565301507,0.8004293641727305,0.7194817738084403,0.37429158597278667,0.6235203123349441,0.7934108303654125,0.9870776754721629,0.815133097179914,0.4490028509040246,0.7620821329952031,0.7675176622397317,0.3075220313730299,0.6132878038947166,0.595759258162777,0.2476406043970265,0.5500360595579301,0.8637403297989124,0.7777459934845827,0.7441001438809927,0.7103869418035856,1.0768441404021125,0.7440424223717426,0.2516532185319715,0.8253649670541554,0.3562780406360678,0.7359257228691123,0.9782855733844468,0.47905994875965224,0.5949981108480175,0.6498910911907242,0.7762284744979195,0.5323600913567071,0.6578385374655105,0.3045331847606042,1.1304635950818678,0.7635611479688624,0.4416055140680567,0.7449046011869409,0.6850792938336273,0.5782039696414043,0.6569848848446285,0.6209848588282167,0.19728334417064197,0.10516201967815178,0.5877832217297005,0.27021299313579467,0.592344452048428,0.7400692314604803,0.36794896614992306,0.9255544479133484,0.34489479074430573,0.6713560662190118
0.1752510896924563,0.5682508411317702,0.48768854076203666,0.7007033374844329,0.0,0.3372657166100856,0.4921118698623479,0.18435674893370965,0.21726739413144217,0.1832489637387398,0.17423652233530437,0.1092551709443218,0.456303690793987,0.33773394543110463,0.42507638342462767,0.45930690107044014,0.26072505745245134,0.23452978554228093,0.4137986430038219,0.5562929835982657,0.30171970850052293,0.3588987486093959,0.4853702461525429,0.22871293906474813,0.3562244881412845,0.23946360494854324,0.44901305382375617,0.2028778052538903,0.519675003781219,0.18132289918825203,0.22128145498443907,0.1436529079115782,0.14595976151217857,0.1751441345460166,0.28663427024139054,0.43421259812535384,0.2531064653666757,0.3647310282197638,0.4270747374018888,0.17466917832891993,0.33178010346849096,0.13843404275603208,0.3827615648589203,0.18708579655795066,0.2357055850318816,0.2461404828370212,0.40069597143771907,0.45554809090416387,0.42895791993022253,0.1604948758992046,0.12321066796913009,0.4028473550574101,0.24762085533583433,0.19465693092350977,0.4079570875514899,0.2682842757081551,0.27887557305895355,0.1388677231724115,0.1509484267280406,0.47448349050590444,0.3642461391354911,0.17770259358129797,0.4813306760990894,0.1846863016052847,0.4029628065680092,0.2810966553352985,0.21891335517420085,0.16904075388786283,0.396702467490136,0.1549069553002697,0.6546519864875404,0.17557503786273962,0.3606138119257544,0.18391245962688116,0.31317587725936585,0.2510435527165099,0.4223594044786586,0.1809586375846217,0.17751992056674287,0.24425977215257078,0.16087001199474,0.4870744437088753,0.5175401714199995,0.20146269419298685,0.42480643219719194,0.17921073823360606,0.20324969764454792,0.17558477064343087,0.14377572260020552,0.12570811352397143,0.5382182167560972,0.678786846803573,0.5002512344414615,0.4679271214079475,0.29384551441096124,0.153544982514615,0.3746076021411571,0.26926672580315236,0.41520944608381455,0.28158183727186603
0.40382325296956284,0.8633757041790158,0.7181958294494348,0.4210814768106239,0.3372657166100856,0.0,0.7848045349664935,0.2364772739423066,0.17738426215529712,0.28288537361478794,0.4160703058340086,0.28691079680036735,0.2598549340261762,0.2568805660251122,0.20437147500571307,0.30046699493477774,0.12776144673767478,0.23832312795030958,0.6865528430067568,0.34785180930013465,0.10771524633847054,0.2354177114678849,0.2807063118263158,0.49399961481233456,0.23386311265075604,0.1504304034625849,0.4316276276557998,0.31753816952727426,0.21902304656604543,0.23357408856095,0.261410488512754,0.2381601267575074,0.25300538202698325,0.2816840910282223,0.2240153431006454,0.6256489041004684,0.5175558396044766,0.25076607719070665,0.16309620172971617,0.40727369839196415,0.34141796273360414,0.3648738194855414,0.6234706424659533,0.36411870016010806,0.14510068248086722,0.21175987599191798,0.25796753894336083,0.4277034052222238,0.6701775118935458,0.4018989457676039,0.3388324496113269,0.203924582595083,0.34534810658736653,0.3949910472848265,0.6623730641153758,0.4581838029183542,0.1487344847892027,0.3723578921642069,0.3712862825276069,0.2690581242564385,0.44600471188163804,0.27193602284444596,0.2236782878248976,0.23187127861386805,0.5846641665572259,0.475968712348267,0.3257742211280402,0.3667177730355167,0.6900195610710752,0.3411761629002515,0.461420713790338,0.4270646978348814,0.1747239763963108,0.4018513892426839,0.5795597391224321,0.22977553155696562,0.44804663920260734,0.2928128517382492,0.36482418346940915,0.20279996447627532,0.2661555856638954,0.297414428718513,0.7884468217128467,0.43615308184133283,0.3241427520453001,0.4224486315176407,0.395344231395827,0.2359213526103745,0.27216763061887783,0.27706255325486334,0.2677149331883339,0.40386993989487047,0.5327724851453965,0.20295875963395563,0.3753265544741534,0.3459180924491126,0.24087628988339574,0.5384027278353278,0.11884345433332925,0.39125215403653224
0.4706517833444461,0.33958362191492414,0.264342268282828,1.1701283565812486,0.4921118698623479,0.7848045349664935,0.0,0.6194670631360426,0.6293600711830284,0.508457695904509,0.40425639125288526,0.5338540309210056,0.8905715576672367,0.7788193015463846,0.8819906473944948,0.9055720135144526,0.7167221411595209,0.6845785992685551,0.17951503709048125,1.0004141240104438,0.7542606929557975,0.7393363483524266,0.9162851483825593,0.3056766528642661,0.8026244429733982,0.6603352082138049,0.8288896021060049,0.5341151492792287,0.9782875486557853,0.6342301212418404,0.5947898506635687,0.5537709284702617,0.5484004196596716,0.5506127632538292,0.6640108402380193,0.28101031682490135,0.31667897911007836,0.8105386389717427,0.8911602611026146,0.4108680329476668,0.7344068579793922,0.5033118247853141,0.28197442966351016,0.4881061212859092,0.6673108436702424,0.6378577337623235,0.8471047948536515,0.851596255433942,0.3349093293080487,0.3970670365940131,0.4714389533397873,0.8564535649323874,0.6412722989361826,0.4633664993070137,0.3680700844313595,0.3927353284798763,0.73560733110287,0.43050318299598783,0.4450657332763372,0.9270274658659531,0.7177626855680614,0.6061284682228314,0.9431232319328113,0.6362396482571595,0.3929916137604983,0.46531292333477436,0.5313909715743307,0.4945144912707383,0.14269041631686005,0.49409041636332135,1.0313079546270343,0.37871601958847056,0.8180101108537062,0.49949735012137264,0.2346279900778459,0.6999209989023943,0.765565121136674,0.5871607455434162,0.47151497805151826,0.6907318784561608,0.5506371303171333,0.9462270065566475,0.25395598058256763,0.4828874502872231,0.8437421914399236,0.4800956042590692,0.5450435557982597,0.6204520975733864,0.5549458510750298,0.5657478051710518,1.002516053658089,1.139001592674504,0.8450196835318209,0.9272263755825572,0.6562130080574805,0.4593596120186218,0.8274552761715028,0.3147704308917181,0.8746995945832412,0.603912691814503
0.24014700925599836,0.6515713456295981,0.6269427606347229,0.5569170637208727,0.18435674893370965,0.2364772739423066,0.6194670631360426,0.0,0.1798486759109418,0.21584222831696223,0.240558469238653,0.12121370656222674,0.3675609290788231,0.1934735640190773,0.2743351230008394,0.31832319098005607,0.13591427570635656,0.07742214477550269,0.5300877099938848,0.409506852270615,0.17760558554677075,0.30570332835974023,0.3502010566213324,0.354842101297005,0.19821553584305623,0.1939584391983823,0.31713786417465795,0.21536005685422613,0.3835435275250873,0.04975186726283832,0.260911717283216,0.12309170905127716,0.14461431441761674,0.2028831172727247,0.2945971063836309,0.4337064394502015,0.3798303672523284,0.20748223539114932,0.2899420638781546,0.2749756136475626,0.19232879520779986,0.15770222623842525,0.5303381678650343,0.29821985777298843,0.17130474119233777,0.26741134455418253,0.31263271121226643,0.32184620843174666,0.5745524472287152,0.2778236050858267,0.19292016399413364,0.24831380183913057,0.2143333978522685,0.29058347936511175,0.4674388424696194,0.3385064437151359,0.15573492257369095,0.2319028052285212,0.2434004819075187,0.3196378736942413,0.2656369779082856,0.0763385428783695,0.33344822468181107,0.028028121656479454,0.43840707939276535,0.3263007811642974,0.30370269342939826,0.23183269490117922,0.5329535324377435,0.2395601310551314,0.5092738913167314,0.3034096188972015,0.20863000453589095,0.24474718906580142,0.439899941351948,0.21135252095972507,0.3232981768344896,0.170718904900321,0.27765922189806175,0.10872191546801077,0.19665071702322198,0.33253339174578117,0.597793808179097,0.2343867223590193,0.311058444867282,0.21128907976866315,0.18267047997533006,0.0575226850793226,0.15945486830207836,0.09199331709924355,0.3912709767761774,0.5308435156092728,0.4207088115121363,0.3224424160490247,0.20153759336521704,0.2378989833555027,0.2394520435895104,0.3867400400898717,0.2888203548456806,0.2187170587594681
0.2693297140522838,0.7237651685298447,0.5793740256294332,0.5733220222092311,0.21726739413144217,0.17738426215529712,0.6293600711830284,0.1798486759109418,0.0,0.15045974472032303,0.2756930000289839,0.16800865687493544,0.33765568095584636,0.29089650183652227,0.3244178925821235,0.3827517895926091,0.14566170380822804,0.21548321935018594,0.5523617006941058,0.472138751012506,0.17031806604238897,0.2880501522856894,0.39715878390902104,0.34692819480273385,0.2958837758306042,0.09435206972205444,0.45779492529701277,0.21145076671100874,0.38100015146287697,0.16622748774265378,0.1561218053767966,0.12168707273912593,0.13585637938180212,0.15758351163615206,0.1665152739014388,0.4994325080812959,0.36570365133805205,0.30062440449040667,0.2972521734029151,0.2583998846682161,0.34142819303012795,0.2520552444674631,0.4736569235873939,0.21008384222808968,0.07933216875574642,0.13999900902486018,0.3480208857404543,0.45640821415196714,0.5107735537606343,0.24363770459415593,0.18972398457563436,0.3071156958649815,0.2829763532160027,0.2409656749748128,0.5405258775019985,0.3090962029428607,0.16875855894767508,0.2245228091273892,0.22391897052763549,0.38425860856677607,0.4161153010478615,0.20957778210161276,0.3635103549738796,0.17755293107905445,0.48757091764220933,0.3802812922260208,0.1936305315284168,0.2558359923428603,0.5273674046813512,0.19542957724074783,0.5590971842769604,0.2664637892242003,0.254058436994968,0.2974526316991838,0.42475103718341894,0.22750165865189587,0.4228259832066944,0.1938215841450716,0.21386309953830834,0.18577514031147935,0.13394214396061943,0.39931946821832215,0.6515605452287749,0.3264381688260093,0.3614764272261485,0.3037754809685937,0.29823607125716367,0.17068317787734838,0.1385747991366319,0.1755460417922619,0.41412040414129636,0.5595822908093353,0.5429085976664675,0.347966578508936,0.3462515174388847,0.18978596199704603,0.31522515521922834,0.37433597657623224,0.27612840498361035,0.33295455415614617
0.2057894501347377,0.6285814370277013,0.4722812674940786,0.6889388292193994,0.1832489637387398,0.28288537361478794,0.508457695904509,0.21584222831696223,0.15045974472032303,0.0,0.20844679613628095,0.14331458990449863,0.4161250447462522,0.3633366607142422,0.42005646016623654,0.46769609058479833,0.23586157827966692,0.27087122972637456,0.4581584116950113,0.560072875162106,0.2677809550652632,0.34445011562329736,0.454990796566389,0.23634534422227604,0.37395424617300793,0.16028001056638833,0.5021587704275865,0.18595329476284572,0.4894151840034793,0.2066174366902734,0.1225093520640084,0.10756242697898437,0.10760919564247555,0.08573726880063928,0.1884066756623676,0.41171532414996737,0.2567218841547609,0.3774975686673829,0.4056531167427586,0.17163026992500371,0.38942511411821507,0.2237011175425482,0.36377297901358063,0.16021744092255402,0.1690588305444434,0.16832193428674555,0.41656146762937496,0.5116285753470049,0.4141261077779169,0.1570921581008184,0.12551133149590593,0.3994934851120703,0.2885113344516942,0.14301451768224793,0.4568435249138359,0.2408650740375598,0.2664483622095373,0.14561386528693548,0.14570608632195986,0.4765313604960032,0.4404193147733285,0.22263594941105724,0.46594249135675325,0.2176980534524046,0.4544703487088789,0.31470141990457823,0.1416985825762961,0.20925245191906408,0.4174627426255775,0.1227509411756769,0.6395936677820224,0.17692085387807513,0.35449984297288256,0.24914475803838548,0.30452744004644805,0.27246996649992006,0.45998597445667133,0.1702301907229902,0.1359376803720734,0.24329876894571173,0.0719178545824044,0.5020817009214399,0.5472150832394569,0.27691468876550146,0.4277457206976238,0.26162756044869606,0.2842761599185344,0.197086303297167,0.0999982641769265,0.17230125945079738,0.5272864299733178,0.6652619041215402,0.5718016468457708,0.45093733551106585,0.35469574709552065,0.12230058376348589,0.399529069551681,0.29325266059590244,0.3840008045969415,0.32808037282036484
0.10688451830274961,0.4808570586161746,0.44502933735164507,0.7843899345592749,0.17423652233530437,0.4160703058340086,0.40425639125288526,0.240558469238653,0.2756930000289839,0.20844679613628095,0.0,0.15981588938745594,0.5228699922220141,0.396963811930189,0.4892784607195434,0.5140059808500262,0.3343070392198408,0.30130028660970337,0.35975927831073645,0.6286769397280395,0.3726510259792911,0.3959067100310171,0.5508032849398012,0.16273259692050193,0.4093454117138421,0.2996541349641302,0.46510915009583736,0.21185296792594724,0.5889083192188591,0.25204727562192486,0.2781610751587551,0.18556024845367164,0.18060563812774716,0.20725238946092203,0.3451163225923384,0.3515109056334057,0.18039679039517645,0.4209909667093926,0.5084559881507282,0.12937456629379435,0.3670087122449374,0.13156478337586522,0.34961764118459904,0.23646640683656622,0.2981004330110772,0.32887509566071027,0.48391985798884385,0.49447147646692907,0.4097796135890328,0.14545563278224227,0.12721751048642232,0.4617048072374323,0.2655668720293046,0.21982160974240936,0.3155417727130577,0.18669140939500212,0.3554498905573316,0.10738792193059954,0.1290186324368237,0.534455719605951,0.37881003322487594,0.21896399271120243,0.5557557575007416,0.2527490548282244,0.3897053119561601,0.21676214246999828,0.2609253659940309,0.1135018413128078,0.33208860377009514,0.1728674414434319,0.6981305702381329,0.16225724747841516,0.4325800892373442,0.16648735536274561,0.23449702624223495,0.32772984900340024,0.4328745767028136,0.23607914048945658,0.18005123318959,0.30848890644209076,0.2326178070609534,0.5599039068072773,0.4106983209622695,0.1367892304065451,0.46088734202929693,0.1285535214244439,0.18932571450759209,0.23441915670784524,0.19797735203902,0.18660398379213275,0.6159282190054229,0.7436220769778736,0.540169553635611,0.535114921228658,0.3039162810702053,0.1622081583811279,0.44680578885540667,0.23348655096802823,0.48769056155410767,0.26195854457979023
0.13903127916555175,0.5823040063557497,0.5437497024378143,0.6456224115693765,0.1092551709443218,0.28691079680036735,0.5338540309210056,0.12121370656222674,0.16800865687493544,0.14331458990449863,0.15981588938745594,0.0,0.41062393438287864,0.2780652962911063,0.3659849735089133,0.406675175213175,0.19752378627278974,0.1653326403819884,0.4540189371013665,0.4957675482466931,0.2395811308923995,0.318865530829881,0.42709982172333094,0.2640758193302809,0.2967421906580089,0.19269567482778702,0.39313031748872596,0.17058384268273424,0.4660409764981446,0.10640234027876724,0.2077315119081169,0.07020114831367426,0.08187858593972748,0.1329737818023511,0.2635354201980606,0.39745631657357555,0.28768214125464864,0.30009548991217094,0.3637079866927994,0.18214232059411817,0.27391996437489363,0.09387607660843109,0.44026747563383806,0.2165532625752474,0.18222062898319652,0.23374268249858132,0.3714181509922348,0.39459050978346716,0.48487377897595946,0.1826510777731556,0.09452268338546756,0.34149258063042975,0.21541975281137252,0.20352611020333716,0.40352837709015354,0.24749208731488456,0.22609316188468612,0.13137051707923464,0.14436503984074447,0.4125276128962595,0.3099196353064033,0.11040906672074598,0.41867928421376827,0.11394397654043709,0.4277571946582688,0.28289253060323316,0.23060417748585368,0.14353063531999893,0.43487180707550416,0.14565937041251692,0.594516714875775,0.20667251715283,0.2995634074962865,0.17660471677254266,0.35271471157191964,0.21924328996239772,0.37668832527722645,0.13490649345383346,0.1913162847274332,0.18316165698355502,0.12893190663540183,0.42466233384108554,0.5307722727123931,0.1727924812341915,0.3667613163457756,0.1462244529858192,0.15855064985964318,0.10230525095562651,0.08218093622982238,0.049808364598474604,0.48281907471014013,0.6215763414169299,0.4688071522807828,0.4092786464313356,0.2397091537376424,0.1378638976005135,0.3224932210059751,0.2964750388177083,0.36272505636444535,0.22536976515603224
0.5188028928277904,0.952348362707083,0.8559033492070706,0.324571184993538,0.456303690793987,0.2598549340261762,0.8905715576672367,0.3675609290788231,0.33765568095584636,0.4161250447462522,0.5228699922220141,0.41062393438287864,0.0,0.34463690743933934,0.2743408415396537,0.3550630310126648,0.2942247549683977,0.3515641435456156,0.7923163813708436,0.32576848229273647,0.2912031990647753,0.29884808266594576,0.30562370909074454,0.6089766931226973,0.294747960550026,0.3219734126845249,0.4730778918616507,0.4376573409577431,0.260961418963496,0.3618450982586727,0.4007966448717001,0.37274329686757024,0.4001778379483558,0.41262160247281265,0.37057132015182787,0.7232411448486752,0.6330127299446446,0.34437067288918927,0.27238257203184874,0.5290104497976781,0.4085863570551709,0.47175479010673615,0.7403845634398891,0.47905845145298986,0.3181358838371013,0.3493589039925378,0.2653415572265777,0.45093480475200287,0.7803819416264146,0.5159679843856175,0.45814745357637265,0.29479516957499835,0.426881004509782,0.5132424201258521,0.7585550886188506,0.5329163843608263,0.29004885530289304,0.49107357381643313,0.49215816163851855,0.295039674456263,0.508901197017286,0.3946244302577231,0.2519422816456672,0.35624597498738164,0.6555601602219872,0.5846589805188281,0.4473754113052661,0.4794031200001023,0.7941637086740398,0.46395868195527923,0.3939879770105482,0.5384126353238009,0.27983081602606014,0.5207272632121569,0.6925498534934535,0.37756978485464265,0.5098375166951794,0.3956669979702133,0.48957104971374027,0.3503985950766868,0.40856330105382954,0.3185128557726352,0.8784832667902842,0.5407219508878138,0.35947581715830207,0.5237677917247815,0.4881526005849648,0.3687828316878917,0.4025533725252557,0.4008646105393658,0.2717023118984986,0.3277201738344914,0.5023709295457529,0.2514827699956727,0.45702402535302183,0.4631866162678581,0.26934419262336795,0.6439891255543616,0.25769091654568876,0.4681226501209815
0.38212794855476356,0.7466384210891889,0.7883042634070361,0.44935228317174625,0.33773394543110463,0.2568805660251122,0.7788193015463846,0.1934735640190773,0.29089650183652227,0.3633366607142422,0.396963811930189,0.2780652962911063,0.34463690743933934,0.0,0.17071074116960477,0.23191416603895193,0.1962186142980253,0.14552574686952272,0.6847313872611638,0.30581430618152244,0.20859650728497697,0.3206828649807362,0.2295602338662306,0.5253889331095769,0.15039354170759092,0.3034074928024391,0.26193406329046154,0.3304339531807558,0.3052508579749865,0.19111569295721814,0.39942202769626334,0.2800828874354566,0.2980100927520602,0.35995799102038867,0.4098272579012425,0.5619355568152332,0.5500535630271451,0.142809250788537,0.22468644050516953,0.4475907743005714,0.16949920373072264,0.2901284631273129,0.7003520517553683,0.4389727019227315,0.27863520694653116,0.3787852751672682,0.27003308462651543,0.24351310246167374,0.7225460172430813,0.44815093088548597,0.34660243298653853,0.14942678379705027,0.2830400778512866,0.42969062383775425,0.5913356217941902,0.44227276260216586,0.1593154782429503,0.39844167480414366,0.4110388813148916,0.20231682664944145,0.24148733657193183,0.22302981113540882,0.23310745746522374,0.18483396545390765,0.5168504272517873,0.4095200872821989,0.45367235843728027,0.3325037165299242,0.6906178947056598,0.4020308991095954,0.45231734383807104,0.4716730295425095,0.18135126886802383,0.3659001677850345,0.6056404170617041,0.22940545216762387,0.3168852904000376,0.2877695538117929,0.44362291259296327,0.2026180382736189,0.33875336317085675,0.18173089324840014,0.7329160900198345,0.3609134289887039,0.3018917372658579,0.32434970087115694,0.27962556217796897,0.21867887559791468,0.29749630762424945,0.2401601278201353,0.29449963633271004,0.4196691331210092,0.3605987603540906,0.22830582684996342,0.24568639121063854,0.39679501394143896,0.12550472359462572,0.5409584324625504,0.24521271638330452,0.2807752414568295
0.484089798187641,0.8971550214115223,0.8544710029393923,0.3193907135798654,0.42507638342462767,0.20437147500571307,0.8819906473944948,0.2743351230008394,0.3244178925821235,0.42005646016623654,0.4892784607195434,0.3659849735089133,0.2743408415396537,0.17071074116960477,0.0,0.18530394074007384,0.1962984856549351,0.22999441236557283,0.7594360155725437,0.19111672733677287,0.18094771467968906,0.2685415223589037,0.13030537909345105,0.5981924423401247,0.13406716849825617,0.29420544496093337,0.28055118990151473,0.4165727447926145,0.16312803113814658,0.28415020470856933,0.4077915865009699,0.3418861871228227,0.34734185156354036,0.39153009603230937,0.39634718597600055,0.688189717686164,0.6097156687565732,0.1319555921418758,0.138299119741229,0.5010402579997167,0.2494172999600691,0.40612434300887673,0.766823768988386,0.5188020126785335,0.2712775812282183,0.3978869972511019,0.1770845665919397,0.28430535811484897,0.8216911753507692,0.52504762195919,0.44608224724951845,0.05868460530225098,0.3287787675790427,0.5318039768304194,0.6766067542186261,0.5425824855280931,0.17984717075296955,0.4736571238253842,0.4697477811328765,0.07022727685909291,0.3641261590068179,0.2825232731534206,0.09013646318306792,0.26235290967445274,0.607005299393364,0.4790903576903359,0.48067708141147064,0.40609141318772873,0.7979629579090657,0.4489452137762971,0.3553987881451127,0.5538684644404105,0.14357758305844953,0.43270660196955807,0.6916426837018921,0.22286081466457713,0.35322733051494504,0.37822993619349476,0.4810099488119037,0.22539832243501845,0.3981733639444044,0.13331328021551844,0.8299388062834214,0.4556565071487645,0.2552642704188542,0.46026087280026695,0.407979406805585,0.27435603794300384,0.3873428316404851,0.3392489431224573,0.17354801596455444,0.2592844063837385,0.41814309079321565,0.06629295675130815,0.32066997962980814,0.47313134319119987,0.09983408415203238,0.6494310010913649,0.12530649846535313,0.37581121372234444
0.5180587158623011,0.9096030215059049,0.8866997925384539,0.3213851905494579,0.45930690107044014,0.30046699493477774,0.9055720135144526,0.31832319098005607,0.3827517895926091,0.46769609058479833,0.5140059808500262,0.406675175213175,0.3550630310126648,0.23191416603895193,0.18530394074007384,0.0,0.28140747512023206,0.2836136800510922,0.7901500167486686,0.22134119179829784,0.2764056399120888,0.37007254604519996,0.20007567697195766,0.6274655368956915,0.2328217871820759,0.3669198356261324,0.3214119830445186,0.4761124081063975,0.25657617776309094,0.3349468065707353,0.4720776819084005,0.38814673252602844,0.3931532345783205,0.4463617789530744,0.47201204807433933,0.7296207501120213,0.6489202517074166,0.20602698193007768,0.273087988481474,0.5422327441158734,0.29135022269499006,0.43612283001366103,0.8025507222021148,0.5633354703805163,0.34633044865252416,0.45575393892005367,0.254851600685796,0.3136663251894709,0.8581654598042322,0.5611321084689848,0.4798342987752592,0.2084173741239476,0.3907613195257839,0.5720746456927631,0.7036996366165557,0.5971810170302044,0.2585309140351855,0.50909729855939,0.5111740491395114,0.18667588662508966,0.3920296603379477,0.3315142905017755,0.19243623538839993,0.3125532385492479,0.6310440109776098,0.5355498116131829,0.5366532514234353,0.45512976690230367,0.8263786780711475,0.4953617688772818,0.3253087658668447,0.5898826061334757,0.21934836677845787,0.47364071304518507,0.7191648836233492,0.3344774820377378,0.3678187019819787,0.4235712774002819,0.528095569587713,0.30033113783532966,0.444315774293892,0.2028390227335421,0.8538541137179884,0.4891095857952018,0.36407095798478306,0.4871341458857607,0.4322280604580017,0.3284976316227806,0.4327634447706818,0.38169812226582644,0.2421320626625246,0.27032291668913394,0.43475073487325816,0.20143225870840947,0.3585291121188566,0.5127741187906995,0.2233440120067375,0.6812946851011568,0.25084866600860944,0.4238143570516639
0.3106205835129638,0.7638089030980275,0.6803252091529401,0.48514601271505453,0.26072505745245134,0.12776144673767478,0.7167221411595209,0.13591427570635656,0.14566170380822804,0.23586157827966692,0.3343070392198408,0.19752378627278974,0.2942247549683977,0.1962186142980253,0.1962984856549351,0.28140747512023206,0.0,0.13177500462961916,0.6053389367178126,0.33634550915502215,0.050870938278300526,0.26678507354972614,0.286176405111482,0.4278731621553481,0.1858861306224559,0.13067339631649696,0.3434908801272326,0.25799289386243923,0.2894267343783631,0.12754950597602774,0.22598050452469437,0.16492816738725763,0.1747178536602956,0.2065764160853715,0.22482490159687502,0.5405267653942702,0.43965635885988974,0.172989197379936,0.18877139918007843,0.32881960148890393,0.25630059422667123,0.264014596619435,0.5863577603895288,0.33025497024503137,0.10207138525840795,0.22916940941412775,0.2458248210261571,0.35400915274469563,0.6378560452926058,0.34109478156500656,0.2672386675250293,0.17352315324000397,0.24324978591557467,0.3446429568289002,0.5554027466407587,0.3948363416580764,0.10858046650033024,0.2913597165461959,0.28242400985798083,0.24665470351640448,0.34666820356180694,0.15668380181871927,0.2453417412448732,0.12206910331321708,0.5215482177163139,0.3858701706334856,0.28779677926068,0.26469724023776803,0.6221554783465034,0.2604296815869842,0.4739272587159384,0.3692023748735272,0.14538970639029505,0.2994253242460065,0.52064274816325,0.19066438384189727,0.3576818643908918,0.21747564846426376,0.30626299637892396,0.0941195421312546,0.21793328461455688,0.2938802448963128,0.6810323116412361,0.313921828592233,0.27494715861377866,0.31937788346979556,0.2921917400440877,0.11328356605948271,0.20105286655267235,0.1806511840118484,0.32280731535394025,0.43860918595699283,0.46569462148368607,0.2280746248783288,0.2819693551531225,0.2888981966020987,0.21219703657421762,0.46820780248922766,0.17484992402424557,0.2760657026401235
0.2758822110129894,0.6727080557035252,0.6960492949444057,0.5161442761248531,0.23452978554228093,0.23832312795030958,0.6845785992685551,0.07742214477550269,0.21548321935018594,0.27087122972637456,0.30130028660970337,0.1653326403819884,0.3515641435456156,0.14552574686952272,0.22999441236557283,0.2836136800510922,0.13177500462961916,0.0,0.5874704915215101,0.3558954282047413,0.16666817120307445,0.29920267756403435,0.2999938030484525,0.42456373271231895,0.15074924730541178,0.23096133902210178,0.2659773916643619,0.2512542841113794,0.3555271826241217,0.07754823956230264,0.30954346278624323,0.17795714408513139,0.19693999318768385,0.25561393826002765,0.32989864493609733,0.4659644418539123,0.4466845090010171,0.16221096967072565,0.24375330711466855,0.34156763485397224,0.14829626709684893,0.18616278926994398,0.6025263262064245,0.3487550734134536,0.2041528785856733,0.3059817458922093,0.2865773897885454,0.2552384480812923,0.6401387471230502,0.3420807980917412,0.24817928404655812,0.20516038043468526,0.2091590401775359,0.345691820254894,0.5025252812008321,0.3655677239317635,0.15376851779697603,0.28790656481392685,0.3004701845548622,0.2661539329748962,0.2164928033887974,0.10108643068476746,0.28612912068873547,0.05709789974590751,0.47046272513604936,0.33682073169452037,0.35672009384559894,0.25002238038287483,0.590438834573537,0.293720703685363,0.4962130604164642,0.3664405952585145,0.18566386282712313,0.2679412316871912,0.5112711162881177,0.20224109857417977,0.3035998198213564,0.19192300696389358,0.3440267684390848,0.10059861954567986,0.2413259301670876,0.27187317675032524,0.6378617231032181,0.2585185761657704,0.2737537301028745,0.23107123638667298,0.19532718373296057,0.09610357224273916,0.20007430729960918,0.13016267374442236,0.35935076499674806,0.4851600929827538,0.3747676552381087,0.2826826371854554,0.18085025798759458,0.2935912948832363,0.19259162826850573,0.4370993019773103,0.2675305017284332,0.21087249199591923
0.40915590861755674,0.4154608210883818,0.2890919923450258,1.0680969662301703,0.4137986430038219,0.6865528430067568,0.17951503709048125,0.5300877099938848,0.5523617006941058,0.4581584116950113,0.35975927831073645,0.4540189371013665,0.7923163813708436,0.6847313872611638,0.7594360155725437,0.7901500167486686,0.6053389367178126,0.5874704915215101,0.0,0.8826235087237553,0.6394820637329357,0.6965574653371448,0.8069622349175104,0.2583183194511389,0.7018814914944599,0.5572978713663144,0.7218936489103589,0.4636579338798608,0.8667961544261592,0.543594911827462,0.4999270551219002,0.4725583778451636,0.46152513758498726,0.4599181374801038,0.5690179335581501,0.3492508557279673,0.2765955023756618,0.6938337781233634,0.779158391112672,0.3391080352907124,0.6445329591659752,0.43721779395420424,0.27976377506146316,0.4280731699486472,0.5598004805089187,0.5635936593550344,0.7335363480822041,0.7599765076991586,0.3476029405888462,0.3504896992786797,0.4120803587130017,0.735869867078415,0.5384780831461755,0.41718978918048755,0.3789283133373004,0.3856156079127918,0.6378668861363793,0.36857696513023963,0.37081145726355497,0.8041234436687871,0.6389589070301368,0.49440688486535417,0.8294020175240047,0.5411524484598128,0.4572024166711727,0.4230153478171048,0.45842275054103865,0.4243802973543838,0.15942338693387598,0.4140410163285121,0.9125421625723111,0.3400716165283048,0.7207668508279804,0.43170307081446574,0.24115876051137858,0.5975648981025553,0.651516515787059,0.5002041237046878,0.39313731330400237,0.5724716762464237,0.47912835122326874,0.8485458400179274,0.3112830714920767,0.4110451308829763,0.739763868076327,0.42436108991195376,0.48148186212210753,0.5143462180432165,0.47914225748488687,0.482952309643003,0.9061284436665801,1.0146858290617524,0.7623144419147284,0.8043633281723291,0.5744627733855016,0.404565059218149,0.7295095600830908,0.3163584540791598,0.7544707338444094,0.5037962299982184
0.6004421967668435,0.9764164874485035,1.0094306885708564,0.2526872870104649,0.5562929835982657,0.34785180930013465,1.0004141240104438,0.409506852270615,0.472138751012506,0.560072875162106,0.6286769397280395,0.4957675482466931,0.32576848229273647,0.30581430618152244,0.19111672733677287,0.22134119179829784,0.33634550915502215,0.3558954282047413,0.8826235087237553,0.0,0.3273948652651929,0.37390196148712407,0.17252238438435588,0.7332575285997701,0.24734419375400124,0.45058966615868534,0.3408051179661557,0.56392597765982,0.23404816836580927,0.41664423734995476,0.5501645110236891,0.48222251442218755,0.4939006515628396,0.532065199268437,0.5270352168764878,0.7962006754239763,0.7464217529646391,0.2514781344090465,0.2480014024177361,0.6378842732683887,0.3392938578978403,0.5236651791370783,0.9022682312448767,0.6541104905367454,0.4274886982365695,0.5363526400206335,0.255659447198351,0.3166266347015118,0.9559783154834844,0.6562377533280138,0.5788009086599085,0.2301290478612985,0.4460643304170926,0.6672242615843426,0.7831518750542662,0.6829803064572538,0.3279629238800135,0.6005647645942762,0.5965198118211303,0.16592597348548882,0.42955193301586875,0.4144973602387007,0.16706989007150197,0.39203908311422064,0.6970159706927967,0.5938658325402116,0.6143385567260208,0.5285813892550416,0.9212774682224776,0.5810638555380153,0.30647628452953724,0.6846960363916116,0.2505955407970026,0.5468065201708702,0.8228597253860922,0.364239525260805,0.42865090292916425,0.504074356819566,0.6287870906309655,0.36691866173889787,0.5235894936197308,0.19236515070996327,0.9282100624343048,0.5623294732898535,0.31406603307476755,0.5689269170565205,0.5174894474746348,0.40161337640189193,0.5226669525267461,0.4705318555921402,0.21879016523477407,0.19583390614442595,0.43540866059897193,0.18222526126607838,0.4132380365113222,0.6071514628807525,0.24314953054599195,0.770240553273354,0.2681845951665955,0.4730039780453413
